### 12.45.108.0/24 ###
430 1.27231407166 5 0.636157035828
886 12.006 6 0.479906082153
873 11.796 6 0.491865873337
1179 11.723 7 0.157997131348
1869 1.954 6 0.35914182663
1208 11.950 6 0.210013151169
673 11.637 7 0.228003978729
871 0.896 5 0.177025079727
1000 12.019 6 0.219480037689
816 11.763 6 0.182278156281
767 1.463 5 0.246228933334
168562 62.385 128 0.479906082153
8887 32.381 26 0.479906082153
512241 1.563 356 0.210013151169
4149 0.827 7 0.228003978729
1104 5.845 11 0.636157035828
532 5.798 6 0.35914182663
532 5.986 6 0.177025079727
549 75.020 7 0.246228933334
91962 1.737 68 0.157997131348
417338 4.038 288 0.228003978729
175702 2.490 125 0.246228933334

### 139.236.85.0/24 ###
2981 0.282 7 0.0705
5254 0.607 13 0.15175
3922 0.632 7 0.228003978729
3857 30.712 11 0.157997131348
8742 59.719 21 0.35914182663
38126 1673.904 347 0.210013151169
614 5.366 5 0.157997131348
2312 179.980 8 0.157997131348
4728 209.455 16 0.491865873337
6496 135.861 11 0.157997131348
4638 10.441 15 0.177025079727
5759 211.416 8 0.479906082153
580 1.427 7 0.228003978729
3531 1.083 8 0.177025079727
1810 0.386 8 0.157997131348
1812 0.420 8 0.105
4758 0.398 9 0.0995
4497 21.441 10 0.636157035828
4964 6.986 17 0.228003978729
4550 38.115 14 0.35914182663
5055 0.524 7 0.210013151169
9147 1386.096 29 0.246228933334
4305 11.986 10 0.246228933334

### 119.113.20.0/24 ###
30912 62.222 32 0.0937740802765
137461 96.936 121 0.0937740802765
633 67.450 7 0.0937740802765
653 30.560 7 0.0937740802765
56829 31.861 65 0.0937740802765
33092 81.902 40 0.044
27267 31.089 30 0.0937740802765
318866 56.242 274 0.044
90875 43.550 78 0.0937740802765
6287 31.033 13 0.0937740802765
9189 22.915 14 0.0937740802765